[app/ui]
version = 9.0.1
modtime = 1662817948.606873000

[app/launcher]
version = 9.0.1
modtime = 1662817948.608619000

[indexes/grocery]
owner = thilak
version = 9.0.1
modtime = 1662818156.359609000
